RESULTADO DE LA CONSULTA

                                                                                                      observation_start(t0)  observation_end  prediction_start  prediction_end                                                        observation_events                                        prediction_events
obs_seq                                                  pred_seq                                                                                                                                                                                                                                                
475,484,475                                              486,522                                                 1651385591       1651385651        1651385661      1651385691                                                           [475, 484, 475]                                               [486, 522]
475,484,520,475,511                                      486,522,491,527                                         1651546581       1651546641        1651546651      1651546681                                                 [475, 484, 520, 475, 511]                                     [486, 522, 491, 527]
475,484,475                                              486,522                                                 1651565541       1651565601        1651565611      1651565641                                                           [475, 484, 475]                                               [486, 522]
                                                         486,522                                                 1651566491       1651566551        1651566561      1651566591                                                           [475, 484, 475]                                               [486, 522]
475,484,475,511                                          486,522,491,527,484,520                                 1651623591       1651623651        1651623661      1651623691                                                      [475, 484, 475, 511]                           [486, 522, 491, 527, 484, 520]
475,484,520,475,511                                      486,522,491,527,484,520                                 1651651771       1651651831        1651651841      1651651871                                                 [475, 484, 520, 475, 511]                           [486, 522, 491, 527, 484, 520]
                                                         486,522,491,527                                         1651723251       1651723311        1651723321      1651723351                                                 [475, 484, 520, 475, 511]                                     [486, 522, 491, 527]
                                                         486,522,491,527                                         1651774501       1651774561        1651774571      1651774601                                                 [475, 484, 520, 475, 511]                                     [486, 522, 491, 527]
475,484,511,475                                          486,522,491,527,522                                     1651780331       1651780391        1651780401      1651780431                                                      [475, 484, 511, 475]                                [486, 522, 491, 527, 522]
475,484,520,475,511                                      486,522,491,527                                         1652050871       1652050931        1652050941      1652050971                                                 [475, 484, 520, 475, 511]                                     [486, 522, 491, 527]
475,484,475,511,522,486,527,491                          486,522,491,527,486,522                                 1652058731       1652058791        1652058801      1652058831                                  [475, 484, 475, 511, 522, 486, 527, 491]                           [486, 522, 491, 527, 486, 522]
475,484,520,475,511                                      486,522,491,527,484,520                                 1652175471       1652175531        1652175541      1652175571                                                 [475, 484, 520, 475, 511]                           [486, 522, 491, 527, 484, 520]
475,484,106,475,511,97                                   486,522,107,491,527,101,342                             1652176701       1652176761        1652176771      1652176801                                             [475, 484, 106, 475, 511, 97]                      [486, 522, 107, 491, 527, 101, 342]
475,484,511,475                                          486,491,484,520                                         1652182671       1652182731        1652182741      1652182771                                                      [475, 484, 511, 475]                                     [486, 491, 484, 520]
475,484,520,475,511                                      486,522,491,527,520,484                                 1652234831       1652234891        1652234901      1652234931                                                 [475, 484, 520, 475, 511]                           [486, 522, 491, 527, 520, 484]
                                                         486,491                                                 1652238211       1652238271        1652238281      1652238311                                                 [475, 484, 520, 475, 511]                                               [486, 491]
                                                         486,522                                                 1652251791       1652251851        1652251861      1652251891                                                 [475, 484, 520, 475, 511]                                               [486, 522]
475,484,520,475,511,520,511                              486,491                                                 1652343831       1652343891        1652343901      1652343931                                       [475, 484, 520, 475, 511, 520, 511]                                               [486, 491]
475,484,475,511                                          486,522,491,527                                         1652408211       1652408271        1652408281      1652408311                                                      [475, 484, 475, 511]                                     [486, 522, 491, 527]
475,484,520,511,475                                      486,522,491,527                                         1652427131       1652427191        1652427201      1652427231                                                 [475, 484, 520, 511, 475]                                     [486, 522, 491, 527]
475,484,520,475,511                                      486                                                     1652565571       1652565631        1652565641      1652565671                                                 [475, 484, 520, 475, 511]                                                    [486]
475,484,475,511,366,438,402                              486,522,371,407,443,527,366,402,438,491,407             1652627541       1652627601        1652627611      1652627641                                       [475, 484, 475, 511, 366, 438, 402]  [486, 522, 371, 407, 443, 527, 366, 402, 438, 491, 407]
475,484,520,511,475                                      486,522                                                 1652701711       1652701771        1652701781      1652701811                                                 [475, 484, 520, 511, 475]                                               [486, 522]
475,484,520,475,511                                      486,522                                                 1652753231       1652753291        1652753301      1652753331                                                 [475, 484, 520, 475, 511]                                               [486, 522]
475,484,475,511                                          486,522                                                 1652856611       1652856671        1652856681      1652856711                                                      [475, 484, 475, 511]                                               [486, 522]
475,484,520,475,511                                      486,522,527,491                                         1653142661       1653142721        1653142731      1653142761                                                 [475, 484, 520, 475, 511]                                     [486, 522, 527, 491]
475,484,475                                              486,522                                                 1653166501       1653166561        1653166571      1653166601                                                           [475, 484, 475]                                               [486, 522]
475,484,511,475,486,491,520,511                          486,491                                                 1653233221       1653233281        1653233291      1653233321                                  [475, 484, 511, 475, 486, 491, 520, 511]                                               [486, 491]
475,484,475                                              486,522,491,527                                         1653287021       1653287081        1653287091      1653287121                                                           [475, 484, 475]                                     [486, 522, 491, 527]
475,484,511,475                                          486,489,520                                             1653402361       1653402421        1653402431      1653402461                                                      [475, 484, 511, 475]                                          [486, 489, 520]
                                                         486                                                     1653472321       1653472381        1653472391      1653472421                                                      [475, 484, 511, 475]                                                    [486]
475,484,520,475,511                                      486,522,491,527                                         1653534871       1653534931        1653534941      1653534971                                                 [475, 484, 520, 475, 511]                                     [486, 522, 491, 527]
475,484,511,475,484,520,475,511                          486                                                     1653547791       1653547851        1653547861      1653547891                                  [475, 484, 511, 475, 484, 520, 475, 511]                                                    [486]
475,484,520,475,511                                      486,491                                                 1653547811       1653547871        1653547881      1653547911                                                 [475, 484, 520, 475, 511]                                               [486, 491]
                                                         486,491                                                 1653572861       1653572921        1653572931      1653572961                                                 [475, 484, 520, 475, 511]                                               [486, 491]
                                                         486,522,527,491,522                                     1653575651       1653575711        1653575721      1653575751                                                 [475, 484, 520, 475, 511]                                [486, 522, 527, 491, 522]
475,484,475,511                                          486,522,527                                             1653598281       1653598341        1653598351      1653598381                                                      [475, 484, 475, 511]                                          [486, 522, 527]
                                                         486,522                                                 1653639331       1653639391        1653639401      1653639431                                                      [475, 484, 475, 511]                                               [486, 522]
475,484,520,475,511                                      486,522                                                 1653649981       1653650041        1653650051      1653650081                                                 [475, 484, 520, 475, 511]                                               [486, 522]
                                                         486,522                                                 1653695541       1653695601        1653695611      1653695641                                                 [475, 484, 520, 475, 511]                                               [486, 522]
                                                         486,522,491,527                                         1653715791       1653715851        1653715861      1653715891                                                 [475, 484, 520, 475, 511]                                     [486, 522, 491, 527]
                                                         486,522                                                 1653754701       1653754761        1653754771      1653754801                                                 [475, 484, 520, 475, 511]                                               [486, 522]
475,484,475                                              486,522,491,527                                         1653785611       1653785671        1653785681      1653785711                                                           [475, 484, 475]                                     [486, 522, 491, 527]
475,484,520,475,511,383,419,455                          486,522                                                 1653893461       1653893521        1653893531      1653893561                                  [475, 484, 520, 475, 511, 383, 419, 455]                                               [486, 522]
475,484,475,486,522,491                                  486,491,371,486,527,443,491                             1653978521       1653978581        1653978591      1653978621                                            [475, 484, 475, 486, 522, 491]                      [486, 491, 371, 486, 527, 443, 491]
475,484,520,475,511,484,520,475,511                      486,491,486,522                                         1654055481       1654055541        1654055551      1654055581                             [475, 484, 520, 475, 511, 484, 520, 475, 511]                                     [486, 491, 486, 522]
475,484,511,475,414,419                                  486,522,359,491,527                                     1654080521       1654080581        1654080591      1654080621                                            [475, 484, 511, 475, 414, 419]                                [486, 522, 359, 491, 527]
475,484,606,413,475,611,408,371,412,443,367,403,439      486,491,606                                             1654090181       1654090241        1654090251      1654090281         [475, 484, 606, 413, 475, 611, 408, 371, 412, 443, 367, 403, 439]                                          [486, 491, 606]
475,484,520,475,511                                      486,522                                                 1654101741       1654101801        1654101811      1654101841                                                 [475, 484, 520, 475, 511]                                               [486, 522]
475,484,520,475,511,522                                  486,491,527                                             1654246821       1654246881        1654246891      1654246921                                            [475, 484, 520, 475, 511, 522]                                          [486, 491, 527]
475,484,511,475,486,522,491,527                          486,522                                                 1654262611       1654262671        1654262681      1654262711                                  [475, 484, 511, 475, 486, 522, 491, 527]                                               [486, 522]
475,484,475,511                                          486,522                                                 1654640001       1654640061        1654640071      1654640101                                                      [475, 484, 475, 511]                                               [486, 522]
475,484,520,511,475                                      486,522,491,527                                         1654772791       1654772851        1654772861      1654772891                                                 [475, 484, 520, 511, 475]                                     [486, 522, 491, 527]
475,484,475,511                                          486,522                                                 1654781621       1654781681        1654781691      1654781721                                                      [475, 484, 475, 511]                                               [486, 522]
475,484,475,484,475,511                                  486,522                                                 1655095471       1655095531        1655095541      1655095571                                            [475, 484, 475, 484, 475, 511]                                               [486, 522]
475,484,520,475,511                                      486,522,491,527                                         1655292021       1655292081        1655292091      1655292121                                                 [475, 484, 520, 475, 511]                                     [486, 522, 491, 527]
                                                         486,522,491,527                                         1655292401       1655292461        1655292471      1655292501                                                 [475, 484, 520, 475, 511]                                     [486, 522, 491, 527]
475,484,475,511                                          486,522                                                 1655320091       1655320151        1655320161      1655320191                                                      [475, 484, 475, 511]                                               [486, 522]
475,484,475                                              486,522,491,527                                         1655331431       1655331491        1655331501      1655331531                                                           [475, 484, 475]                                     [486, 522, 491, 527]
                                                         486,522                                                 1655355841       1655355901        1655355911      1655355941                                                           [475, 484, 475]                                               [486, 522]
475,484,475,511,486,491                                  486,522,491,527                                         1655378121       1655378181        1655378191      1655378221                                            [475, 484, 475, 511, 486, 491]                                     [486, 522, 491, 527]
475,484,475                                              486,522,491,527                                         1655414181       1655414241        1655414251      1655414281                                                           [475, 484, 475]                                     [486, 522, 491, 527]
475,484,520,475,511                                      486,522                                                 1655522671       1655522731        1655522741      1655522771                                                 [475, 484, 520, 475, 511]                                               [486, 522]
                                                         486,522,527,491                                         1655527051       1655527111        1655527121      1655527151                                                 [475, 484, 520, 475, 511]                                     [486, 522, 527, 491]
475,484,511,475                                          486,491                                                 1655594041       1655594101        1655594111      1655594141                                                      [475, 484, 511, 475]                                               [486, 491]
475,484,475,511                                          486,522,491,527                                         1655687461       1655687521        1655687531      1655687561                                                      [475, 484, 475, 511]                                     [486, 522, 491, 527]
475,484,520,475,511                                      486,491                                                 1655785681       1655785741        1655785751      1655785781                                                 [475, 484, 520, 475, 511]                                               [486, 491]
                                                         486,491                                                 1655895161       1655895221        1655895231      1655895261                                                 [475, 484, 520, 475, 511]                                               [486, 491]
                                                         486,522                                                 1655901041       1655901101        1655901111      1655901141                                                 [475, 484, 520, 475, 511]                                               [486, 522]
475,484,475,520,511                                      486,522,527,491                                         1655939571       1655939631        1655939641      1655939671                                                 [475, 484, 475, 520, 511]                                     [486, 522, 527, 491]
475,484,520,475,511,520,511                              486,522,527,491                                         1656032781       1656032841        1656032851      1656032881                                       [475, 484, 520, 475, 511, 520, 511]                                     [486, 522, 527, 491]
475,484,475                                              486,522                                                 1656091801       1656091861        1656091871      1656091901                                                           [475, 484, 475]                                               [486, 522]
475,484,520,475,511                                      486                                                     1656153321       1656153381        1656153391      1656153421                                                 [475, 484, 520, 475, 511]                                                    [486]
475,484,475,511                                          486,491                                                 1656158881       1656158941        1656158951      1656158981                                                      [475, 484, 475, 511]                                               [486, 491]
                                                         486,491                                                 1656386061       1656386121        1656386131      1656386161                                                      [475, 484, 475, 511]                                               [486, 491]
475,484,520,475,511                                      486,522,491,527                                         1656443631       1656443691        1656443701      1656443731                                                 [475, 484, 520, 475, 511]                                     [486, 522, 491, 527]
475,484,520,475,511,522,527                              486,522,491,527                                         1656464901       1656464961        1656464971      1656465001                                       [475, 484, 520, 475, 511, 522, 527]                                     [486, 522, 491, 527]
475,484,520,475,511                                      486,522                                                 1656544541       1656544601        1656544611      1656544641                                                 [475, 484, 520, 475, 511]                                               [486, 522]
475,484,475,511                                          486,491,342                                             1657035671       1657035731        1657035741      1657035771                                                      [475, 484, 475, 511]                                          [486, 491, 342]
475,484,520,475,511                                      486,491,522                                             1657121631       1657121691        1657121701      1657121731                                                 [475, 484, 520, 475, 511]                                          [486, 491, 522]
475,484,475,511,484,520,475,511                          486                                                     1657289411       1657289471        1657289481      1657289511                                  [475, 484, 475, 511, 484, 520, 475, 511]                                                    [486]
475,484,520,475,511                                      486,522                                                 1657301621       1657301681        1657301691      1657301721                                                 [475, 484, 520, 475, 511]                                               [486, 522]
475,484,475,511,484,475                                  486,522                                                 1657379591       1657379651        1657379661      1657379691                                            [475, 484, 475, 511, 484, 475]                                               [486, 522]
475,484,520,475,511                                      486,522,491,527                                         1657391161       1657391221        1657391231      1657391261                                                 [475, 484, 520, 475, 511]                                     [486, 522, 491, 527]
                                                         486,522                                                 1657407561       1657407621        1657407631      1657407661                                                 [475, 484, 520, 475, 511]                                               [486, 522]
                                                         486,491                                                 1657482851       1657482911        1657482921      1657482951                                                 [475, 484, 520, 475, 511]                                               [486, 491]
                                                         486,522                                                 1657593791       1657593851        1657593861      1657593891                                                 [475, 484, 520, 475, 511]                                               [486, 522]
                                                         486,522,491,527                                         1657603391       1657603451        1657603461      1657603491                                                 [475, 484, 520, 475, 511]                                     [486, 522, 491, 527]
475,484,511,475                                          486,522,491,527                                         1657606291       1657606351        1657606361      1657606391                                                      [475, 484, 511, 475]                                     [486, 522, 491, 527]
475,484,511,475,520,484,475,511                          486,522,527,522                                         1657799641       1657799701        1657799711      1657799741                                  [475, 484, 511, 475, 520, 484, 475, 511]                                     [486, 522, 527, 522]
475,484,475,511                                          486,522                                                 1657857681       1657857741        1657857751      1657857781                                                      [475, 484, 475, 511]                                               [486, 522]
475,484,475,511,484,475                                  486,522                                                 1657973001       1657973061        1657973071      1657973101                                            [475, 484, 475, 511, 484, 475]                                               [486, 522]
475,484,520,475,511,520,511                              486,522,491                                             1658363941       1658364001        1658364011      1658364041                                       [475, 484, 520, 475, 511, 520, 511]                                          [486, 522, 491]
475,484,520,475,511                                      486,522                                                 1658365891       1658365951        1658365961      1658365991                                                 [475, 484, 520, 475, 511]                                               [486, 522]
                                                         486                                                     1658389881       1658389941        1658389951      1658389981                                                 [475, 484, 520, 475, 511]                                                    [486]
475,484,475,511                                          486,522,491,486                                         1658459341       1658459401        1658459411      1658459441                                                      [475, 484, 475, 511]                                     [486, 522, 491, 486]
475,484,520,475,511                                      486,522,491                                             1658473681       1658473741        1658473751      1658473781                                                 [475, 484, 520, 475, 511]                                          [486, 522, 491]
475,484,475                                              486,522,491,527                                         1658479911       1658479971        1658479981      1658480011                                                           [475, 484, 475]                                     [486, 522, 491, 527]
475,484,520,511,353,475                                  486,522,491,527,486,522,491,527                         1658513001       1658513061        1658513071      1658513101                                            [475, 484, 520, 511, 353, 475]                 [486, 522, 491, 527, 486, 522, 491, 527]
475,484,520,511,475                                      486,522,491                                             1658570241       1658570301        1658570311      1658570341                                                 [475, 484, 520, 511, 475]                                          [486, 522, 491]
475,484,475,511                                          486,491,522                                             1658638281       1658638341        1658638351      1658638381                                                      [475, 484, 475, 511]                                          [486, 491, 522]
475,484,520,475,511                                      486,522,527,491                                         1658873241       1658873301        1658873311      1658873341                                                 [475, 484, 520, 475, 511]                                     [486, 522, 527, 491]
475,484,520,475,511,484,520,475,511                      486,522                                                 1658873751       1658873811        1658873821      1658873851                             [475, 484, 520, 475, 511, 484, 520, 475, 511]                                               [486, 522]
475,484,377,413,475,408,372                              486,522                                                 1658918781       1658918841        1658918851      1658918881                                       [475, 484, 377, 413, 475, 408, 372]                                               [486, 522]
475,484,520,475,484,475,511                              486,522,491,527                                         1658937991       1658938051        1658938061      1658938091                                       [475, 484, 520, 475, 484, 475, 511]                                     [486, 522, 491, 527]
475,484,475,511,484,520,475,511                          486,522                                                 1658996421       1658996481        1658996491      1658996521                                  [475, 484, 475, 511, 484, 520, 475, 511]                                               [486, 522]
475,484,520,475,511                                      486,522                                                 1659077401       1659077461        1659077471      1659077501                                                 [475, 484, 520, 475, 511]                                               [486, 522]
475,484,475,511,383,455,378,450                          486,522,491,527,383,455                                 1659308951       1659309011        1659309021      1659309051                                  [475, 484, 475, 511, 383, 455, 378, 450]                           [486, 522, 491, 527, 383, 455]
475,484,520,475,511                                      486,522,491,527                                         1659478191       1659478251        1659478261      1659478291                                                 [475, 484, 520, 475, 511]                                     [486, 522, 491, 527]
                                                         486,491                                                 1659496331       1659496391        1659496401      1659496431                                                 [475, 484, 520, 475, 511]                                               [486, 491]
475,484,511,475,520,511                                  486                                                     1659504271       1659504331        1659504341      1659504371                                            [475, 484, 511, 475, 520, 511]                                                    [486]
475,484,475,511                                          486,522,527                                             1659559611       1659559671        1659559681      1659559711                                                      [475, 484, 475, 511]                                          [486, 522, 527]
475,484,520,475,511                                      486,522                                                 1659631731       1659631791        1659631801      1659631831                                                 [475, 484, 520, 475, 511]                                               [486, 522]
                                                         486,522,491,527,371                                     1659675771       1659675831        1659675841      1659675871                                                 [475, 484, 520, 475, 511]                                [486, 522, 491, 527, 371]
475,484,475                                              486,522                                                 1659676871       1659676931        1659676941      1659676971                                                           [475, 484, 475]                                               [486, 522]
                                                         486,491                                                 1659710661       1659710721        1659710731      1659710761                                                           [475, 484, 475]                                               [486, 491]
475,484,475,511                                          486,522                                                 1659839001       1659839061        1659839071      1659839101                                                      [475, 484, 475, 511]                                               [486, 522]
475,484,520,511,475                                      486,491                                                 1659840731       1659840791        1659840801      1659840831                                                 [475, 484, 520, 511, 475]                                               [486, 491]
475,484,520,475,511                                      486,522,491,527,520                                     1659851371       1659851431        1659851441      1659851471                                                 [475, 484, 520, 475, 511]                                [486, 522, 491, 527, 520]
475,484,520,511,475                                      486,522,491,527                                         1659853301       1659853361        1659853371      1659853401                                                 [475, 484, 520, 511, 475]                                     [486, 522, 491, 527]
475,484,511,390,475,395                                  486,522                                                 1659936231       1659936291        1659936301      1659936331                                            [475, 484, 511, 390, 475, 395]                                               [486, 522]
475,484,520,475,511                                      486,522,491,527                                         1659992411       1659992471        1659992481      1659992511                                                 [475, 484, 520, 475, 511]                                     [486, 522, 491, 527]
475,484,475,511,414                                      486,522                                                 1660001771       1660001831        1660001841      1660001871                                                 [475, 484, 475, 511, 414]                                               [486, 522]
475,484,520,348,475,511                                  486                                                     1660070851       1660070911        1660070921      1660070951                                            [475, 484, 520, 348, 475, 511]                                                    [486]
475,484,475                                              486,522,527                                             1660076061       1660076121        1660076131      1660076161                                                           [475, 484, 475]                                          [486, 522, 527]
475,484,520,475,511                                      486,522                                                 1660160531       1660160591        1660160601      1660160631                                                 [475, 484, 520, 475, 511]                                               [486, 522]
475,484,520,438,475,511,443,522                          486,491,527                                             1660331251       1660331311        1660331321      1660331351                                  [475, 484, 520, 438, 475, 511, 443, 522]                                          [486, 491, 527]
475,484,475                                              486,522                                                 1660650551       1660650611        1660650621      1660650651                                                           [475, 484, 475]                                               [486, 522]
475,484,475,511,486,522,491,527                          486,491                                                 1660698201       1660698261        1660698271      1660698301                                  [475, 484, 475, 511, 486, 522, 491, 527]                                               [486, 491]
475,484,520,475,511,486,522,205,491,527,600,214,605      486,522,491,527,522                                     1660824231       1660824291        1660824301      1660824331         [475, 484, 520, 475, 511, 486, 522, 205, 491, 527, 600, 214, 605]                                [486, 522, 491, 527, 522]
475,484,475                                              486,522                                                 1660828661       1660828721        1660828731      1660828761                                                           [475, 484, 475]                                               [486, 522]
475,484,520,475,511                                      486,522,491,527,605,600                                 1660888361       1660888421        1660888431      1660888461                                                 [475, 484, 520, 475, 511]                           [486, 522, 491, 527, 605, 600]
                                                         486,522,491,527                                         1660894421       1660894481        1660894491      1660894521                                                 [475, 484, 520, 475, 511]                                     [486, 522, 491, 527]
475,484,520,511,475                                      486,522,491                                             1660909271       1660909331        1660909341      1660909371                                                 [475, 484, 520, 511, 475]                                          [486, 522, 491]
475,484,475                                              486,522,414,419                                         1660953771       1660953831        1660953841      1660953871                                                           [475, 484, 475]                                     [486, 522, 414, 419]
475,484,520,475,511                                      486,491                                                 1660971451       1660971511        1660971521      1660971551                                                 [475, 484, 520, 475, 511]                                               [486, 491]
475,484,475,511,484,475                                  486,522                                                 1660974661       1660974721        1660974731      1660974761                                            [475, 484, 475, 511, 484, 475]                                               [486, 522]
475,484,511,475,520,511                                  486,522,491                                             1661048581       1661048641        1661048651      1661048681                                            [475, 484, 511, 475, 520, 511]                                          [486, 522, 491]
475,484,520,475,511,486,522,491,527                      486,522                                                 1661069961       1661070021        1661070031      1661070061                             [475, 484, 520, 475, 511, 486, 522, 491, 527]                                               [486, 522]
475,484,520,475,511                                      486,491                                                 1661099871       1661099931        1661099941      1661099971                                                 [475, 484, 520, 475, 511]                                               [486, 491]
                                                         486,491                                                 1661113071       1661113131        1661113141      1661113171                                                 [475, 484, 520, 475, 511]                                               [486, 491]
475,484,475                                              486,522                                                 1661181451       1661181511        1661181521      1661181551                                                           [475, 484, 475]                                               [486, 522]
475,484,520,475,511                                      486,522,491,527,522,527                                 1661221471       1661221531        1661221541      1661221571                                                 [475, 484, 520, 475, 511]                           [486, 522, 491, 527, 522, 527]
475,484,475,511                                          486,522                                                 1661223341       1661223401        1661223411      1661223441                                                      [475, 484, 475, 511]                                               [486, 522]
475,484,520,475,511                                      486,522                                                 1661323791       1661323851        1661323861      1661323891                                                 [475, 484, 520, 475, 511]                                               [486, 522]
                                                         486,522                                                 1661330561       1661330621        1661330631      1661330661                                                 [475, 484, 520, 475, 511]                                               [486, 522]
                                                         486,522,491,527                                         1661439931       1661439991        1661440001      1661440031                                                 [475, 484, 520, 475, 511]                                     [486, 522, 491, 527]
475,484,475                                              486,522                                                 1661527511       1661527571        1661527581      1661527611                                                           [475, 484, 475]                                               [486, 522]
475,484,520,511,475                                      486,522                                                 1661543831       1661543891        1661543901      1661543931                                                 [475, 484, 520, 511, 475]                                               [486, 522]
475,484,520,475,511                                      486,522                                                 1661651481       1661651541        1661651551      1661651581                                                 [475, 484, 520, 475, 511]                                               [486, 522]
                                                         486,491,486,522                                         1661862001       1661862061        1661862071      1661862101                                                 [475, 484, 520, 475, 511]                                     [486, 491, 486, 522]
475,484,475                                              486,522                                                 1661913511       1661913571        1661913581      1661913611                                                           [475, 484, 475]                                               [486, 522]
475,484,520,475,511                                      486,522                                                 1661986661       1661986721        1661986731      1661986761                                                 [475, 484, 520, 475, 511]                                               [486, 522]
475,484,511,475                                          486,522,491,527                                         1662002531       1662002591        1662002601      1662002631                                                      [475, 484, 511, 475]                                     [486, 522, 491, 527]
475,484,475                                              486,522,527,522                                         1662086201       1662086261        1662086271      1662086301                                                           [475, 484, 475]                                     [486, 522, 527, 522]
475,484,475,511,484,475                                  486,522,493,529,502,538                                 1662360261       1662360321        1662360331      1662360361                                            [475, 484, 475, 511, 484, 475]                           [486, 522, 493, 529, 502, 538]
                                                         486,522                                                 1662452751       1662452811        1662452821      1662452851                                            [475, 484, 475, 511, 484, 475]                                               [486, 522]
475,484,475,511                                          486                                                     1662725151       1662725211        1662725221      1662725251                                                      [475, 484, 475, 511]                                                    [486]
475,484,31,68,478,514,499,537,475,520                    486,511,491,484,520                                     1666168161       1666168221        1666168231      1666168261                          [475, 484, 31, 68, 478, 514, 499, 537, 475, 520]                                [486, 511, 491, 484, 520]
475,484,520,475,511                                      486,491,522,7,527,16                                    1670450891       1670450951        1670450961      1670450991                                                 [475, 484, 520, 475, 511]                              [486, 491, 522, 7, 527, 16]
475,484,475,511,486,522,491,527                          486,522,491,527                                         1673357341       1673357401        1673357411      1673357441                                  [475, 484, 475, 511, 486, 522, 491, 527]                                     [486, 522, 491, 527]
475,484,475,511                                          486,522,491,527,6,486,522,11                            1673827001       1673827061        1673827071      1673827101                                                      [475, 484, 475, 511]                    [486, 522, 491, 527, 6, 486, 522, 11]
475,484,520,475,511,8,389,21,384                         486,491,6,11,484,520                                    1673961091       1673961151        1673961161      1673961191                                [475, 484, 520, 475, 511, 8, 389, 21, 384]                              [486, 491, 6, 11, 484, 520]
475,484,520,6,475,511,11,7,16                            486,522,491,527                                         1674032771       1674032831        1674032841      1674032871                                   [475, 484, 520, 6, 475, 511, 11, 7, 16]                                     [486, 522, 491, 527]
475,484,168,475,511,173                                  486,522,264,491,527                                     1674362411       1674362471        1674362481      1674362511                                            [475, 484, 168, 475, 511, 173]                                [486, 522, 264, 491, 527]
475,484,19,475,511,484,520,27,475,511,12,484,520,475,511 486,522,18,23,491,527                                   1680542341       1680542401        1680542411      1680542441  [475, 484, 19, 475, 511, 484, 520, 27, 475, 511, 12, 484, 520, 475, 511]                             [486, 522, 18, 23, 491, 527]